0 0 3 0 5 0 11 0 0 10 13 0 0 1 14 0 
16 0 14 0 12 0 0 0 5 0 0 0 10 0 0 0 
10 0 1 0 7 6 0 8 0 0 0 15 0 0 0 0 
6 12 0 0 0 0 13 0 0 16 0 7 15 9 0 0 
0 0 0 0 0 16 0 6 0 0 11 12 9 4 0 10
4 9 0 0 11 0 0 13 8 6 0 0 1 3 0 0 
0 0 0 1 0 0 0 0 0 4 9 0 0 0 8 13
0 0 0 3 0 0 0 7 0 0 10 0 0 0 12 0 
0 6 0 0 0 11 0 0 1 0 0 0 2 0 0 0 
7 5 0 0 0 13 15 0 0 0 0 0 3 0 0 0 
0 0 10 15 0 0 6 12 14 0 0 5 0 0 13 1
8 0 12 14 2 5 0 0 4 0 7 0 0 0 0 0 
0 0 9 6 13 0 4 0 0 14 0 0 0 0 15 3
0 0 0 0 9 0 0 0 16 0 4 1 0 13 0 5
0 0 0 13 0 0 0 5 0 0 0 10 0 7 0 12
0 8 16 0 0 2 7 0 0 11 0 13 0 10 0 0 