13 0 0 5 6 2 0 0 0 15 12 9 0 8 0 0 
9 0 0 0 0 10 0 5 1 0 6 4 15 0 14 0 
0 0 0 0 12 0 0 0 0 0 0 13 1 0 16 5
15 3 11 10 0 0 0 0 0 0 0 0 0 0 6 2
0 11 0 12 0 0 2 0 0 3 0 0 9 0 0 0 
10 0 8 0 0 1 7 6 0 13 0 0 5 0 3 0 
3 0 0 0 8 16 0 11 15 0 5 12 0 4 0 0 
0 7 0 0 0 0 0 0 0 0 16 14 0 6 10 0 
0 10 9 0 3 8 0 0 0 0 0 0 0 0 15 0 
0 0 3 0 16 11 0 1 14 0 9 8 0 0 0 10
0 12 0 16 0 0 15 0 10 1 3 0 0 5 0 8
0 0 0 11 0 0 5 0 0 12 0 0 3 0 9 0 
16 1 0 0 0 0 0 0 0 0 0 0 13 12 11 7
7 2 0 4 1 0 0 0 0 0 0 10 0 0 0 0 
0 13 0 3 11 4 0 16 5 0 14 0 0 0 0 9
0 0 10 0 7 3 13 0 0 0 8 1 14 0 0 6