9 11 0 12 4 0 6 0 0 16 0 0 1 0 10 0 
0 14 0 4 0 7 1 0 0 15 0 12 9 0 0 3
6 16 0 5 8 0 0 9 3 4 0 7 14 13 0 2
0 3 10 0 13 0 0 0 0 0 0 0 0 0 0 0 
5 12 0 0 0 0 0 0 0 0 8 0 0 0 0 0 
7 0 0 0 0 0 0 2 6 0 0 0 15 4 0 0 
0 0 0 11 0 1 0 0 5 13 3 0 0 10 0 0 
0 0 0 0 0 5 11 0 0 9 0 2 0 16 8 0 
0 4 9 0 14 0 16 0 0 2 7 0 0 0 0 0 
0 0 12 0 0 8 13 10 0 0 14 0 11 0 0 0 
0 0 6 14 0 0 0 7 13 0 0 0 0 0 0 1
0 0 0 0 0 4 0 0 0 0 0 0 0 0 2 7
0 0 0 0 0 0 0 0 0 0 0 3 0 7 9 0 
3 0 4 9 7 0 2 14 12 0 0 5 10 0 16 6
16 0 0 6 12 0 4 0 0 8 1 0 2 0 5 0 
0 7 0 2 0 0 8 0 0 10 0 13 3 0 4 14