8 0 0 0 10 0 13 3 4 0 0 0 11 0 1 0 
0 0 6 0 8 0 0 0 15 0 0 0 0 0 12 0 
0 1 5 12 0 9 0 0 0 0 0 0 14 0 15 0 
0 11 0 15 2 1 0 0 0 0 0 0 16 0 0 13
12 7 0 0 0 0 0 0 13 2 0 10 0 0 4 15
0 2 15 0 3 0 10 0 0 16 0 4 6 0 0 0 
0 0 0 9 14 0 0 7 0 0 6 0 0 0 8 16
0 0 0 1 15 13 0 6 0 11 12 0 0 7 0 0 
0 0 12 0 0 3 15 0 6 0 2 8 5 0 0 0 
4 5 0 0 0 6 0 0 16 0 0 7 9 0 0 0 
0 0 0 7 1 0 9 0 0 14 0 5 0 8 10 0 
1 10 0 0 16 0 5 14 0 0 0 0 0 0 3 6
9 0 0 13 0 0 0 0 0 0 15 3 8 0 16 0 
0 12 0 5 0 0 0 0 0 0 8 0 2 13 14 0 
0 16 0 0 0 0 0 1 0 0 0 9 0 15 0 0 
0 15 0 8 0 0 0 5 2 7 0 11 0 0 0 12