0 12 0 2 0 16 0 15 7 0 9 0 0 0 0 11
14 0 0 5 0 8 0 0 0 0 6 0 13 0 7 0 
6 1 7 0 0 0 0 4 15 0 0 0 10 0 0 0 
0 0 15 13 0 0 14 1 0 0 4 0 0 0 3 0 
0 14 0 0 13 1 10 0 0 0 3 12 16 0 0 0 
5 0 0 0 0 0 6 3 0 0 0 10 0 0 14 0 
0 7 0 0 0 0 16 8 4 11 0 2 0 15 0 6
4 0 16 0 0 7 0 14 0 0 0 0 0 3 0 0 
0 0 1 0 0 0 0 0 8 0 11 0 0 10 0 5
13 0 12 0 2 0 8 6 1 3 0 0 0 0 11 0 
0 10 0 0 15 0 0 0 5 4 0 0 0 0 0 14
0 0 0 14 9 11 0 0 0 6 10 7 0 0 2 0 
0 2 0 0 0 4 0 0 11 15 0 0 7 9 0 0 
0 0 0 3 0 0 0 2 9 0 0 0 0 14 15 8
0 15 0 4 0 13 0 0 0 0 16 0 3 0 0 10
11 0 0 0 0 14 0 7 10 0 13 0 5 0 4 0 