8 0 4 0 0 0 3 0 5 0 13 16 0 0 0 12
0 0 0 0 11 5 0 0 0 0 10 4 13 0 0 15
0 0 0 15 0 0 0 13 3 0 0 0 0 0 4 0 
0 0 13 3 7 4 0 8 0 14 6 0 16 1 0 0 
16 0 6 0 0 0 0 12 8 4 0 5 0 0 0 0 
1 0 14 0 0 0 4 16 0 3 9 0 8 6 0 0 
4 0 0 13 0 0 0 15 0 0 14 0 11 16 0 3
0 0 3 8 0 0 13 0 0 0 15 0 0 0 0 4
13 0 0 0 0 3 0 0 0 2 0 0 14 7 0 0 
3 0 5 7 0 16 0 0 10 0 0 0 12 0 0 9
0 0 11 1 0 13 12 0 14 8 0 0 0 4 0 10
0 0 0 0 10 0 11 2 7 0 0 0 0 3 0 6
0 0 1 9 0 6 16 0 13 0 11 14 4 5 0 0 
0 14 0 0 0 0 0 10 16 0 0 0 15 0 0 0 
6 0 0 11 14 7 0 0 0 0 4 8 0 0 0 0 
5 0 0 0 13 11 0 4 0 7 0 0 0 14 0 2