4 0 13 14 0 0 0 0 10 9 6 0 0 0 16 0 
0 0 0 0 13 0 0 0 11 0 0 4 0 0 0 1
0 3 0 0 9 0 7 0 0 0 16 0 14 13 0 0 
1 2 15 0 0 0 16 0 0 0 13 0 0 0 0 0 
0 0 0 6 0 0 0 0 0 4 5 0 15 16 0 0 
0 5 0 11 6 12 3 15 0 0 0 1 0 0 0 14
0 0 7 0 8 0 0 13 9 0 0 0 0 0 5 10
15 12 16 0 0 7 0 5 0 14 3 0 0 11 0 13
7 0 8 0 0 13 15 0 1 0 14 0 0 4 9 2
10 16 0 0 0 0 0 12 15 0 0 11 0 5 0 0 
14 0 0 0 2 0 0 0 3 16 12 9 11 0 13 0 
0 0 11 4 0 10 1 0 0 0 0 0 12 0 0 0 
0 0 0 0 0 6 0 0 0 3 0 0 0 12 7 11
0 0 2 5 0 9 0 0 0 6 0 16 0 0 14 0 
12 0 0 0 15 0 0 3 0 0 0 8 0 0 0 0 
0 9 0 0 0 14 12 8 0 0 0 0 13 3 0 15