0 0 11 4 0 12 0 0 0 0 0 13 14 0 0 10
0 0 0 0 0 15 10 3 16 0 0 0 4 9 6 0 
10 5 0 0 0 0 0 0 0 15 0 0 0 0 0 7
6 0 0 0 0 0 14 4 2 0 0 0 13 11 0 1
0 15 10 0 0 13 0 2 12 0 0 11 0 0 0 0 
0 13 5 0 0 4 16 0 3 8 0 0 0 0 0 0 
0 3 0 0 0 10 0 12 7 0 4 6 0 5 0 0 
0 4 12 8 0 7 0 0 0 9 13 0 0 0 1 2
13 10 0 0 0 3 15 0 0 0 12 0 11 1 7 0 
0 0 16 0 10 1 0 13 14 0 2 0 0 0 4 0 
0 0 0 0 0 0 6 5 0 16 10 0 0 15 3 0 
0 0 0 0 11 0 0 16 13 0 7 0 0 6 2 0 
2 0 4 10 0 0 0 8 11 5 0 0 0 0 0 9
16 0 0 0 0 0 3 0 0 0 0 0 0 0 11 5
0 11 13 15 0 0 0 6 9 2 1 0 0 0 0 0 
5 0 0 3 7 0 0 0 0 0 8 0 6 4 0 0 