0 14 0 11 0 0 0 7 0 8 3 0 0 4 0 0 
13 0 0 2 8 14 12 0 0 0 0 0 15 0 0 9
0 0 0 0 9 6 0 0 12 0 0 7 0 0 8 0 
5 0 16 12 0 0 3 0 10 0 0 0 0 13 6 0 
0 2 10 16 0 5 0 0 0 11 0 14 0 0 0 12
0 15 12 0 0 16 0 0 13 0 8 6 0 0 5 14
8 0 13 5 14 15 0 11 0 0 1 0 0 0 0 4
7 0 0 0 6 0 1 0 0 0 0 0 0 2 0 0 
0 0 7 0 0 0 0 0 0 14 0 2 0 0 0 3
6 0 0 0 0 7 0 0 15 0 13 4 5 12 0 8
14 10 0 0 15 9 0 3 0 0 12 0 0 6 13 0 
16 0 0 0 13 0 6 0 0 0 10 0 11 7 4 0 
0 13 1 0 0 0 0 15 0 7 0 0 4 9 0 6
0 12 0 0 1 0 0 9 0 0 16 8 0 0 0 0 
2 0 0 7 0 0 0 0 0 10 9 12 1 0 0 11
0 0 8 0 0 3 10 0 14 0 0 0 13 0 16 0 