9 4 0 0 2 0 0 0 0 0 0 5 0 0 12 0 
0 2 0 0 3 10 0 0 7 0 15 0 16 0 4 0 
0 0 0 16 8 0 4 0 3 0 0 0 0 7 13 0 
0 0 10 13 5 0 1 16 11 0 6 0 0 8 0 9
0 0 0 5 0 0 6 3 0 10 12 0 0 4 0 0 
0 0 6 7 0 0 9 0 4 0 8 0 3 15 0 0 
4 0 15 0 16 0 0 0 1 14 11 0 0 0 0 0 
16 12 0 1 0 13 0 0 2 5 0 0 0 0 0 0 
0 0 0 0 0 0 3 2 0 0 4 0 7 0 5 14
0 0 0 0 0 16 13 1 0 0 0 8 0 9 0 11
0 0 4 2 0 5 0 6 0 12 0 0 1 16 0 0 
0 0 9 0 0 8 11 0 5 6 0 0 12 0 0 0 
8 0 2 0 0 9 0 11 14 7 0 13 15 5 0 0 
0 10 16 0 0 0 0 7 0 1 0 4 13 0 0 0 
0 5 0 3 0 4 0 14 0 0 16 10 0 0 9 0 
0 7 0 0 1 0 0 0 0 0 0 9 0 0 11 2