0 0 16 0 0 0 13 0 0 0 10 0 15 8 0 0 
6 0 0 0 0 9 0 10 0 16 12 0 0 0 4 0 
2 0 0 0 3 8 16 0 15 11 0 7 0 0 5 9
0 0 8 0 4 0 5 0 0 0 0 0 0 0 7 0 
0 0 0 8 7 0 1 4 14 13 3 0 9 10 0 0 
15 0 0 4 8 0 12 0 0 0 7 5 0 0 2 11
0 0 0 14 11 0 0 0 2 0 0 10 8 0 0 4
0 0 12 0 0 0 0 5 0 8 0 11 6 0 0 3
5 0 0 15 16 0 10 0 13 0 0 0 0 14 0 0 
4 0 0 9 13 0 0 14 0 0 0 1 5 0 0 0 
14 12 0 0 15 1 0 0 0 5 0 16 13 0 0 2
0 0 1 16 0 3 9 11 12 2 0 4 10 0 0 0 
0 10 0 0 0 0 0 0 0 1 0 13 0 5 0 0 
1 6 0 0 14 0 4 7 0 10 8 2 0 0 0 16
0 16 0 0 0 15 3 0 9 0 4 0 0 0 0 8
0 0 9 2 0 11 0 0 0 6 0 0 0 12 0 0 