0 4 0 5 0 6 0 0 15 0 0 7 3 0 9 0 
0 2 0 0 3 0 0 16 0 0 8 0 0 4 6 1
6 0 0 0 14 0 0 0 10 12 0 0 0 0 8 5
0 0 3 0 0 0 1 9 0 16 14 0 15 0 10 0 
0 0 0 4 0 7 0 2 12 0 5 0 0 3 14 13
2 0 0 3 0 0 0 0 0 15 9 8 0 0 0 0 
13 0 0 11 0 0 0 6 0 14 10 0 0 2 0 0 
0 8 0 16 12 0 0 15 0 0 0 2 0 0 0 0 
0 0 0 0 15 0 0 0 3 0 0 9 16 0 7 0 
0 0 4 0 0 2 14 0 16 0 0 0 5 0 0 11
0 0 0 0 5 11 9 0 0 0 0 0 12 0 0 15
3 12 5 0 0 8 0 13 14 0 6 0 9 0 0 0 
0 15 0 6 0 13 3 0 5 8 0 0 0 1 0 0 
4 3 0 0 0 0 5 12 0 0 0 14 0 0 0 7
5 16 11 0 0 4 0 0 9 0 0 6 0 0 12 0 
0 7 0 2 10 0 0 8 0 0 15 0 6 0 16 0 