3 0 0 10 12 0 0 0 1 0 0 0 0 9 11 0 
0 0 15 0 1 0 11 16 6 0 12 4 3 0 14 0 
0 0 12 0 0 13 8 0 7 0 0 0 6 0 0 10
14 2 5 0 0 0 0 0 0 11 3 0 0 13 0 0 
12 0 0 0 0 0 4 10 9 7 8 0 0 14 2 0 
0 3 0 0 0 0 13 1 11 0 0 14 0 10 0 16
5 0 0 6 0 12 0 0 0 0 10 0 0 0 3 0 
0 0 0 0 15 0 16 0 0 0 0 1 4 0 0 0 
0 0 0 12 11 0 0 0 0 6 0 9 0 0 0 0 
0 1 0 0 0 5 0 0 0 0 15 0 16 0 0 9
2 0 11 0 8 0 0 15 16 4 0 0 0 0 12 0 
0 15 3 0 0 1 6 4 14 8 0 0 0 0 0 2
0 0 7 0 0 4 1 0 0 0 0 0 0 2 6 3
16 0 0 15 0 0 0 6 0 2 4 0 0 5 0 0 
0 6 0 9 5 8 0 2 15 14 0 7 0 4 0 0 
0 12 2 0 0 0 0 14 0 0 0 6 9 0 0 13