0 0 7 0 0 0 4 11 0 10 0 0 0 2 5 12
0 0 0 12 0 6 1 10 0 5 0 16 7 0 11 0 
0 0 0 0 0 8 0 9 0 7 13 0 0 14 0 6
0 0 4 15 0 5 0 0 0 0 12 9 8 3 13 0 
11 0 0 0 12 1 0 0 5 0 0 6 2 0 0 0 
0 13 8 14 0 10 0 0 0 0 3 0 0 0 0 15
0 10 0 2 0 0 15 0 4 14 9 0 0 0 1 0 
6 0 5 0 4 0 13 0 16 0 0 12 0 0 0 0 
0 0 0 0 16 0 0 5 0 1 0 13 0 7 0 11
0 7 0 0 0 4 11 13 0 6 0 0 12 0 9 0 
15 0 0 0 0 9 0 0 0 0 4 0 16 6 2 0 
0 0 0 6 3 0 0 12 0 0 5 8 0 0 0 14
0 2 6 16 8 12 0 0 0 0 1 0 11 13 0 0 
5 0 11 0 0 14 9 0 13 0 7 0 0 0 0 0 
0 14 0 9 11 0 7 0 12 3 6 0 5 0 0 0 
3 8 1 0 0 0 2 0 15 16 0 0 0 9 0 0 