0 8 0 0 10 0 14 13 0 0 3 4 0 11 0 12
0 13 0 0 0 0 0 0 0 10 2 0 0 0 0 3
3 0 0 0 0 0 5 0 0 0 0 12 1 15 0 7
16 0 15 4 0 0 1 0 9 11 13 0 0 0 0 14
7 11 4 0 0 0 0 0 0 0 6 3 8 13 0 0 
0 0 0 13 0 0 0 4 12 8 0 0 0 0 5 0 
1 2 0 0 12 0 3 0 0 5 11 16 10 0 15 0 
0 0 0 0 15 13 0 0 0 0 0 0 0 1 11 0 
0 12 7 0 0 0 0 0 0 0 9 1 0 0 0 0 
0 16 0 9 4 7 13 0 0 12 0 2 0 0 6 5
0 6 0 0 0 0 12 8 4 0 0 0 16 0 0 0 
0 0 1 10 9 3 0 0 0 0 0 0 0 4 2 13
8 0 0 0 0 14 9 15 0 3 0 0 13 5 0 11
15 0 6 16 3 0 0 0 0 14 0 0 0 0 0 2
2 0 0 0 0 8 7 0 0 0 0 0 0 0 3 0 
5 0 12 0 13 2 0 0 15 4 0 8 0 0 9 0 