0 0 0 0 0 0 0 4 0 2 0 0 16 0 0 8
15 0 0 7 16 0 14 0 1 5 0 4 0 2 0 10
0 10 0 0 0 7 0 1 11 0 0 0 15 0 0 3
0 0 16 0 0 0 11 15 0 10 0 12 5 0 14 0 
13 0 1 0 0 0 0 9 0 4 0 2 0 0 0 0 
0 12 15 10 3 0 0 0 0 0 7 0 0 5 8 13
0 5 0 0 0 8 1 0 13 0 16 0 0 6 0 15
0 0 6 4 0 0 7 0 8 12 10 0 0 0 0 0 
0 0 0 0 0 6 10 16 0 3 0 0 12 11 0 0 
4 0 5 0 0 11 0 14 0 15 2 0 0 0 13 0 
7 13 14 0 0 15 0 0 0 0 0 6 2 9 16 0 
0 0 0 0 7 0 12 0 16 0 0 0 0 14 0 6
0 7 0 9 10 0 16 0 4 6 0 0 0 13 0 0 
5 0 0 15 0 0 0 12 3 0 11 0 0 0 9 0 
16 0 13 0 11 0 15 5 0 9 0 8 6 0 0 4
3 0 0 6 0 0 9 0 5 0 0 0 0 0 0 0 