0 16 1 0 0 10 7 3 0 8 0 0 0 0 4 0 
0 0 10 0 1 8 0 15 0 0 0 0 0 7 0 12
0 7 0 0 6 0 0 2 4 0 0 0 0 0 0 9
0 0 0 0 5 0 0 4 11 13 0 6 0 0 16 0 
0 0 11 16 8 0 9 0 0 0 0 0 0 15 0 0 
13 0 3 0 0 0 0 0 0 4 0 8 9 0 2 5
6 0 5 0 15 3 0 0 12 0 0 0 14 16 8 0 
0 15 12 9 4 0 5 0 0 0 0 0 10 3 0 7
15 0 14 8 0 0 0 0 0 5 0 12 16 2 9 0 
0 5 9 4 0 0 0 8 0 0 1 13 0 12 0 6
12 3 0 2 11 0 13 0 0 0 0 0 0 5 0 1
0 0 7 0 0 0 0 0 0 6 0 16 11 8 0 0 
0 9 0 0 16 0 8 10 6 0 0 4 0 0 0 0 
11 0 0 0 0 0 0 7 1 0 0 14 0 0 15 0 
5 0 8 0 0 0 0 0 3 0 11 15 0 10 0 0 
0 13 0 0 0 0 1 0 10 12 8 0 0 9 14 0 