13 5 0 0 0 0 12 4 0 0 0 6 0 8 10 0 
1 2 3 15 13 0 0 10 0 11 0 0 16 0 0 0 
0 0 0 4 0 5 7 0 0 0 0 13 0 15 0 0 
0 10 0 0 1 0 0 0 0 15 3 8 0 0 7 5
0 1 0 0 5 0 0 6 0 0 0 2 15 16 0 0 
4 0 0 16 0 0 8 0 6 0 0 11 7 0 0 0 
0 11 14 0 0 0 3 0 5 0 15 0 0 0 0 4
0 0 6 7 10 0 0 2 0 16 14 0 1 9 0 0 
0 0 16 3 0 4 14 0 11 0 0 10 12 1 0 0 
6 0 0 0 0 2 0 5 0 4 0 0 0 11 9 0 
0 0 0 11 3 0 0 9 0 8 0 0 13 0 0 16
0 0 12 2 11 0 0 0 15 0 0 1 0 0 4 0 
9 15 0 0 14 10 13 0 0 0 0 16 0 0 2 0 
0 0 13 0 4 0 0 0 0 9 5 0 8 0 0 0 
0 0 0 1 0 0 5 0 14 0 0 4 9 7 13 15
0 14 4 0 8 0 0 0 2 12 0 0 0 0 1 6