7 0 0 0 0 0 3 0 0 1 2 0 0 0 0 0 
1 0 3 0 6 8 7 0 0 0 0 0 16 0 0 12
0 16 0 12 0 0 1 10 14 13 0 0 0 0 3 9
0 0 10 0 14 12 4 0 0 7 0 0 0 0 0 15
0 0 2 8 0 4 0 12 5 0 0 0 6 0 0 0 
0 4 0 7 0 0 10 1 3 14 0 0 0 2 0 0 
0 0 0 5 0 0 0 13 11 2 0 7 12 9 16 4
0 3 6 0 0 2 14 0 0 0 0 0 0 0 0 5
4 0 0 0 0 0 0 0 0 15 7 0 0 12 5 0 
2 15 5 6 12 0 13 3 16 0 0 0 4 0 0 0 
0 0 16 0 0 0 5 6 12 8 0 0 9 0 14 0 
0 0 0 14 0 0 0 11 9 0 4 0 10 16 0 0 
8 0 0 0 0 0 11 0 0 5 12 2 0 3 0 0 
5 6 0 0 0 0 12 8 13 9 0 0 11 0 2 0 
11 0 0 10 0 0 0 0 0 3 16 14 0 6 0 7
0 0 0 0 0 13 15 0 0 11 0 0 0 0 0 14