0 5 3 0 1 0 7 0 10 0 0 15 9 6 2 0 
0 0 0 0 0 0 0 11 0 0 6 9 0 0 12 1
0 0 11 0 0 0 4 5 0 12 0 1 15 0 16 0 
0 0 0 0 9 0 0 0 0 7 0 14 0 0 0 5
13 10 0 5 0 0 14 2 6 0 15 0 0 0 0 16
0 12 0 6 0 0 0 10 16 3 0 0 13 0 0 7
16 0 0 0 6 0 0 0 14 0 9 0 0 2 0 11
0 0 0 2 0 3 0 0 13 5 0 0 0 4 1 9
3 2 1 0 0 0 13 8 0 0 14 0 5 0 0 0 
11 0 8 0 0 10 0 9 0 0 0 13 0 0 0 2
15 0 0 9 0 0 11 6 4 0 0 0 7 0 10 0 
12 0 0 0 0 15 0 1 7 10 0 0 11 0 9 6
5 0 0 0 13 0 6 0 0 0 0 10 0 0 0 0 
0 15 0 8 3 0 12 0 11 16 0 0 0 5 0 0 
9 7 0 0 2 11 0 0 15 0 0 0 0 0 0 0 
0 13 12 4 8 0 0 15 0 9 0 6 0 11 14 0 