0 0 0 0 0 2 6 0 9 0 0 15 10 0 1 16
0 0 0 9 0 4 0 0 10 0 0 0 15 0 0 0 
14 0 0 0 0 0 0 16 11 12 0 0 0 0 0 0 
0 0 16 15 1 10 0 8 14 4 0 13 0 6 9 0 
16 12 0 0 0 0 0 0 0 0 0 9 8 0 14 0 
0 4 0 0 12 16 0 0 0 2 0 3 7 5 0 0 
0 15 0 0 0 0 3 0 0 7 0 5 12 2 0 0 
0 13 3 0 0 9 0 14 0 6 0 11 0 16 0 1
3 0 15 0 8 0 9 0 5 0 4 0 0 13 2 0 
0 0 6 10 15 0 7 0 0 14 0 0 0 0 4 0 
0 0 4 1 13 0 11 0 0 0 12 16 0 0 5 0 
0 5 0 13 2 0 0 0 0 0 0 0 0 0 3 12
0 16 1 0 3 0 2 11 6 0 5 12 13 8 0 0 
0 0 0 0 0 0 14 5 16 0 0 0 0 0 0 2
0 0 0 5 0 0 0 13 0 0 15 0 9 0 0 0 
13 7 0 3 16 0 0 9 0 1 8 0 0 0 0 0 