2 12 10 11 0 0 0 0 1 6 5 0 0 0 0 14
0 5 0 6 0 15 0 0 0 0 14 3 0 0 9 0 
0 3 0 0 0 0 0 4 0 0 2 13 5 0 1 0 
1 0 0 14 13 11 2 0 0 12 0 0 0 0 3 0 
0 0 2 0 0 0 0 6 16 0 7 11 0 5 0 13
0 0 3 10 1 0 0 0 0 5 0 0 0 15 0 0 
0 0 0 1 0 2 5 0 15 0 6 12 4 0 0 0 
11 0 0 0 8 10 12 0 0 0 3 0 0 0 0 0 
0 0 0 0 0 1 0 0 0 13 10 7 0 0 0 9
0 0 0 2 9 8 0 12 0 14 16 0 15 0 0 0 
0 0 9 0 0 0 10 0 0 0 0 8 2 14 0 0 
7 0 16 0 11 3 0 14 4 0 0 0 0 1 0 0 
0 11 0 0 0 0 9 0 0 8 12 16 6 0 0 4
0 14 0 8 4 6 0 0 5 0 0 0 0 0 13 0 
0 1 0 0 10 16 0 0 0 0 4 0 7 0 12 0 
3 0 0 0 0 12 8 7 0 0 0 0 1 9 5 16