0 8 0 0 0 0 0 10 7 14 15 0 0 4 0 0 
0 9 0 12 6 0 0 0 0 0 2 0 0 11 0 0 
0 0 0 4 0 0 11 0 0 12 16 0 0 13 0 10
0 0 15 0 7 3 5 4 0 0 11 0 12 0 2 0 
8 0 2 0 0 11 12 0 4 3 0 0 0 0 15 13
0 4 0 6 0 9 0 8 0 0 5 0 10 16 0 0 
0 0 7 5 2 0 0 14 0 0 0 0 0 1 0 12
0 0 0 0 0 0 1 0 6 16 0 0 0 0 3 5
4 3 0 0 0 0 2 12 0 8 0 0 0 0 0 0 
9 0 5 0 0 0 0 0 12 0 0 2 13 6 0 0 
0 0 16 2 0 1 0 0 13 0 14 0 11 0 12 0 
12 13 0 0 0 0 9 7 0 4 10 0 0 3 0 8
0 2 0 1 0 12 0 0 8 9 6 7 0 5 0 0 
16 0 8 0 0 15 14 0 0 5 0 0 7 0 0 0 
0 0 10 0 0 5 0 0 0 0 0 11 15 0 6 0 
0 0 3 0 0 4 6 13 16 0 0 0 0 0 1 0 