0 0 0 0 0 0 0 7 5 0 13 1 0 0 0 16
0 0 8 3 2 12 0 0 0 0 6 7 11 1 15 0 
16 6 7 0 0 11 14 0 0 0 0 9 2 0 10 0 
0 5 4 0 0 0 1 0 0 10 0 2 0 0 0 0 
0 0 0 0 0 0 0 13 0 1 10 0 7 0 0 8
0 4 0 0 0 15 0 0 0 0 12 16 0 10 0 14
0 10 12 16 0 0 0 0 2 9 0 11 0 5 13 0 
11 0 0 0 7 0 0 3 0 13 0 0 0 2 0 1
12 0 5 0 0 0 4 0 11 0 0 8 0 0 0 6
0 14 1 0 9 0 3 16 0 0 0 0 12 8 11 0 
8 0 15 0 14 13 0 0 0 0 3 0 0 0 5 0 
4 0 0 9 0 8 12 0 13 0 0 0 0 0 0 0 
0 0 0 0 4 0 10 0 0 12 0 0 0 7 1 0 
0 11 0 4 1 0 0 0 0 8 2 0 0 14 9 10
0 12 9 5 11 3 0 0 0 0 1 14 13 6 0 0 
10 0 0 0 6 14 0 15 9 0 0 0 0 0 0 0 