12 0 6 14 8 0 11 13 0 0 0 10 5 0 0 0 
0 5 0 8 1 0 0 0 15 0 0 0 0 16 0 0 
0 1 3 0 0 7 0 0 0 0 0 0 0 0 0 0 
0 7 10 11 0 16 15 0 8 5 0 0 12 14 4 0 
0 0 0 7 0 4 0 1 2 6 10 0 16 0 0 0 
1 6 16 0 2 0 8 0 7 12 11 0 0 0 0 0 
0 10 9 12 0 0 0 15 3 0 8 0 0 0 0 0 
0 0 0 13 7 10 0 0 0 0 16 0 0 3 6 0 
0 16 15 0 0 9 0 0 0 0 13 14 1 0 0 0 
0 0 0 0 0 5 0 16 1 0 0 0 8 4 15 0 
0 0 0 0 0 1 14 8 0 15 0 16 0 5 9 6
0 0 0 9 0 15 2 11 4 0 7 0 10 0 0 0 
0 9 8 3 0 0 12 10 0 4 15 0 2 11 5 0 
0 0 0 0 0 0 0 0 0 0 6 0 0 7 10 0 
0 0 12 0 0 0 0 7 0 0 0 3 15 0 16 0 
0 0 0 4 16 0 0 0 14 13 0 2 6 8 0 3