7 10 16 0 0 0 9 2 0 0 12 0 0 15 5 0 
15 0 9 0 0 0 5 0 0 0 0 6 11 0 7 12
8 6 0 0 0 0 15 0 0 0 9 10 0 0 4 14
0 0 0 0 0 4 0 13 8 1 0 15 0 0 0 2
0 0 10 0 9 6 1 0 0 15 7 14 0 0 0 0 
0 0 12 7 11 0 16 0 4 0 0 0 0 0 3 0 
0 0 0 14 0 0 0 0 0 0 0 13 9 0 10 0 
0 3 4 8 0 0 0 0 0 0 1 16 14 11 0 0 
0 0 6 11 4 16 0 0 0 0 0 0 7 9 15 0 
0 5 0 4 15 0 0 0 0 0 0 0 13 0 0 0 
0 13 0 0 0 0 0 12 0 9 0 5 4 6 0 0 
0 0 0 0 6 7 13 0 0 11 4 8 0 10 0 0 
10 0 0 0 16 0 3 4 1 0 5 0 0 0 0 0 
5 16 0 0 13 9 0 0 0 10 0 0 0 0 11 15
4 12 0 13 2 0 0 0 0 16 0 0 0 14 0 10
0 2 11 0 0 5 0 0 14 4 0 0 0 7 13 1