6 0 0 1 0 0 0 14 10 0 0 0 0 0 0 0 
0 7 0 8 2 0 0 0 6 0 0 12 13 1 3 15
0 0 0 14 0 0 3 4 0 1 15 7 0 6 0 5
0 0 16 0 0 0 0 6 0 5 13 0 14 0 7 0 
0 0 0 13 1 0 0 10 9 0 0 0 11 0 15 0 
12 0 0 0 4 0 0 11 0 10 0 15 6 0 0 14
0 6 15 0 0 0 14 0 0 0 0 0 0 0 0 16
0 0 0 10 13 16 15 9 0 0 4 6 0 7 0 2
1 0 13 0 14 10 0 0 7 3 16 9 15 0 0 0 
7 0 0 0 0 0 0 0 0 12 0 0 0 16 11 0 
9 0 0 3 16 0 12 0 11 0 0 8 0 0 0 13
0 16 0 11 0 0 0 2 13 0 0 14 7 0 0 0 
0 14 0 15 0 2 10 0 4 0 0 0 0 9 0 0 
13 0 11 0 5 8 16 0 2 7 0 0 12 0 0 0 
8 9 7 6 3 0 0 15 0 0 0 1 10 0 13 0 
0 0 0 0 0 0 0 7 14 0 0 0 1 0 0 4