9 0 0 8 0 11 0 0 0 0 12 1 14 3 0 4
5 0 12 11 0 0 0 0 2 9 0 0 0 15 0 0 
0 2 0 0 0 8 7 0 6 14 0 0 0 0 10 0 
0 0 14 0 13 0 0 0 0 0 0 3 0 2 12 0 
0 5 0 0 11 9 2 3 0 0 0 13 0 10 7 0 
0 12 0 0 0 13 0 0 0 1 10 0 2 0 0 16
0 0 0 0 0 16 0 0 0 0 4 8 12 6 14 1
16 0 0 0 0 4 0 6 0 0 0 0 0 0 0 13
3 0 0 0 0 0 0 0 11 0 13 0 0 0 0 2
13 9 15 1 10 6 0 0 0 0 3 0 0 0 0 0 
2 0 0 10 0 3 16 0 0 0 9 0 0 0 11 0 
0 8 6 0 7 0 0 0 1 10 2 4 0 0 5 0 
0 13 9 0 12 0 0 0 0 0 0 10 0 14 0 0 
0 15 0 0 0 0 3 10 0 4 1 0 0 0 2 0 
0 0 1 0 0 0 14 13 0 0 0 0 7 5 0 12
14 0 2 3 9 7 0 0 0 0 5 0 1 0 0 10