0 0 0 0 7 8 0 1 0 0 0 5 0 2 0 0 
9 1 6 12 0 0 0 0 0 8 0 0 10 0 0 0 
0 8 10 7 0 0 9 0 0 15 0 0 0 13 0 0 
0 0 0 0 0 10 0 5 0 11 0 16 8 0 0 7
0 0 0 0 0 6 0 16 5 0 13 9 14 12 0 3
0 0 4 0 0 11 0 0 0 0 3 0 16 0 0 0 
3 0 5 6 8 0 0 9 16 0 0 11 15 10 0 1
13 0 16 0 0 0 0 3 10 0 0 0 2 7 0 0 
0 0 8 14 0 0 0 12 7 0 0 0 0 4 0 15
2 0 12 11 15 0 0 10 1 0 0 6 5 3 0 14
0 0 0 13 0 9 0 0 0 0 11 0 0 6 0 0 
10 0 7 16 5 1 0 6 12 0 4 0 0 0 0 0 
14 0 0 4 10 0 12 0 6 0 7 0 0 0 0 0 
0 0 11 0 0 0 15 0 0 5 0 0 1 14 6 0 
0 0 0 1 0 0 16 0 0 0 0 0 9 5 2 13
0 0 15 0 13 0 0 0 9 0 8 4 0 0 0 0 