0 0 0 8 15 0 0 2 0 4 0 9 1 0 0 10
0 0 0 0 0 0 0 0 14 0 13 0 4 15 2 12
0 16 1 11 0 9 0 0 0 0 8 0 0 3 0 0 
0 0 0 0 4 10 0 0 7 12 0 0 0 0 11 0 
0 0 0 0 3 4 14 0 0 2 0 5 0 0 10 0 
7 13 10 0 0 1 2 0 0 0 0 3 12 0 9 11
0 6 0 16 0 13 11 0 0 0 0 0 0 0 0 0 
5 1 0 3 7 0 15 6 0 10 0 0 0 8 0 0 
0 0 13 0 0 0 10 0 12 3 0 15 5 0 8 9
0 0 0 0 0 0 0 0 0 6 5 0 10 0 13 0 
8 10 0 5 13 0 0 0 0 14 2 0 0 7 12 15
0 14 0 0 5 0 9 0 0 7 10 4 0 0 0 0 
0 9 0 0 0 0 7 12 0 0 6 2 0 0 0 0 
0 0 12 0 0 11 0 0 0 0 1 0 8 6 16 0 
15 3 4 14 0 2 0 8 0 0 0 0 0 0 0 0 
1 0 0 2 14 0 16 0 15 0 0 7 11 0 0 0 