0 0 3 8 0 0 13 1 0 6 11 16 0 12 7 4
0 2 0 0 0 16 8 0 15 0 12 0 10 0 0 0 
15 0 0 0 0 6 0 0 0 0 0 13 9 1 11 14
0 0 0 0 10 0 0 9 4 0 0 0 0 0 0 0 
3 0 0 0 8 0 7 0 0 1 14 5 12 11 4 0 
0 0 5 1 0 0 11 0 0 12 0 9 8 7 0 0 
13 15 0 0 1 0 5 12 0 0 0 0 0 0 9 0 
0 11 0 12 0 0 0 0 2 4 0 0 1 0 0 0 
0 0 0 10 0 0 3 5 0 0 0 0 16 0 13 0 
0 3 0 0 0 0 0 0 11 2 0 10 0 0 5 12
0 0 6 13 11 0 9 0 0 5 0 0 15 10 0 0 
0 7 11 5 13 2 15 0 0 9 0 12 0 0 0 3
0 0 0 0 0 0 0 15 1 0 0 14 0 0 0 0 
16 13 1 15 4 0 0 0 0 0 6 0 0 0 0 10
0 0 0 2 0 11 0 13 0 16 4 0 0 0 6 0 
8 5 4 0 16 3 6 0 10 15 0 0 7 13 0 0 