10 15 2 7 1 8 0 0 0 12 0 0 0 16 0 14
8 0 0 0 3 0 15 9 1 0 0 11 0 0 10 0 
9 0 12 4 0 13 0 5 0 0 14 0 0 8 0 0 
0 0 3 0 0 0 0 0 0 0 0 0 7 11 0 5
0 0 0 12 13 0 14 1 0 10 0 0 0 6 0 0 
0 0 15 0 0 9 5 0 0 4 2 0 0 0 0 10
2 8 0 0 0 0 10 0 0 0 0 15 3 4 1 13
0 0 0 0 6 0 3 0 8 1 0 0 16 9 0 0 
0 0 16 8 0 0 4 12 0 7 0 13 0 0 0 0 
14 12 7 2 16 0 0 0 0 11 0 0 0 0 9 4
6 0 0 0 0 11 2 0 0 14 12 0 0 1 0 0 
0 0 11 0 0 0 7 0 5 6 0 2 8 0 0 0 
11 0 9 14 0 0 0 0 0 0 0 0 0 2 0 0 
0 0 10 0 0 6 0 0 7 0 9 0 11 15 0 16
0 13 0 0 11 0 0 7 4 2 0 16 0 0 0 9
16 0 8 0 0 0 9 0 0 0 15 12 6 10 4 1