0 0 10 0 0 0 0 0 0 0 7 13 0 0 0 0 
5 0 0 0 8 0 0 0 2 12 10 0 3 0 0 13
0 16 9 15 10 13 0 11 0 4 0 0 0 1 0 12
0 2 6 12 0 0 4 0 15 0 11 1 0 0 16 0 
0 0 0 0 5 15 0 0 3 0 0 0 0 0 0 0 
16 0 0 8 12 0 0 7 0 0 5 0 0 6 0 0 
10 0 0 6 0 14 9 0 11 0 15 0 0 0 12 4
0 7 0 3 0 0 0 10 0 13 0 0 8 5 15 2
4 10 16 5 0 0 15 0 1 0 0 0 2 0 7 0 
1 12 0 0 0 9 0 14 0 10 8 0 16 0 0 15
0 0 3 0 0 7 0 0 6 0 0 4 9 0 0 10
0 0 0 0 0 0 0 3 0 0 12 11 0 0 0 0 
0 8 0 0 14 12 0 4 0 11 0 0 15 7 9 0 
9 0 7 0 0 0 1 0 12 0 16 14 4 3 11 0 
12 0 0 14 0 2 7 9 0 0 0 15 0 0 0 1
0 0 0 0 11 8 0 0 0 0 0 0 0 14 0 0 