0 4 0 1 2 0 0 0 0 0 8 0 0 0 0 11
0 0 0 0 0 0 10 0 1 0 0 13 14 0 7 0 
7 0 0 0 12 0 0 5 0 0 0 0 1 0 6 0 
3 2 0 0 0 7 0 8 0 12 16 0 0 0 10 0 
15 0 0 0 16 12 14 0 9 0 0 7 0 0 4 5
0 0 0 5 10 0 0 13 3 0 6 16 0 0 2 9
0 0 0 6 11 0 0 0 10 5 0 0 7 14 0 0 
0 14 0 7 8 0 0 2 0 4 0 12 0 16 0 0 
0 0 12 0 15 0 4 0 16 0 0 1 11 0 14 0 
0 0 11 4 0 0 12 10 0 0 0 8 16 0 0 0 
10 3 0 0 7 2 0 16 6 0 0 15 12 0 0 0 
2 6 0 0 3 0 0 11 0 9 12 4 0 0 0 7
0 10 0 0 0 6 16 0 5 0 15 0 0 0 12 14
0 8 0 2 0 0 0 0 12 0 0 9 0 0 0 6
0 15 0 9 5 0 0 4 0 6 0 0 0 0 0 0 
6 0 0 0 0 15 0 0 0 0 0 3 2 0 13 0 