0 0 0 0 4 0 2 0 0 0 0 1 15 0 0 11
0 0 2 0 0 0 0 0 5 0 0 0 13 16 9 0 
1 0 11 6 0 0 0 0 4 10 0 0 0 0 8 0 
3 0 0 0 0 0 16 14 15 0 0 0 0 5 4 6
0 0 0 2 9 8 0 4 0 11 0 0 12 0 0 15
8 11 0 14 5 13 0 16 10 0 0 0 3 1 0 0 
0 9 0 0 2 3 0 0 0 0 6 0 8 4 0 10
0 0 0 0 0 6 0 0 0 9 0 14 0 0 16 0 
0 5 0 0 13 0 3 0 0 0 10 0 0 0 0 0 
16 0 4 10 0 11 0 0 0 0 3 9 0 0 15 0 
0 0 14 8 0 0 0 10 16 0 15 5 9 0 7 2
7 0 0 12 0 0 8 0 6 0 2 13 10 0 0 0 
9 12 15 0 0 0 0 7 13 4 0 0 0 0 0 3
0 14 0 0 0 0 4 13 0 0 0 0 1 9 0 16
0 8 3 1 0 0 0 15 0 0 0 0 0 14 0 0 
4 0 0 5 16 0 0 0 0 1 0 8 0 0 0 0 