0 13 0 0 16 0 0 15 0 0 0 10 6 1 0 11
16 14 0 0 0 2 13 11 0 0 0 0 0 7 15 0 
0 0 6 0 3 7 0 5 14 16 0 0 2 0 0 9
0 15 0 0 9 10 0 0 0 11 0 0 3 14 0 13
15 6 0 1 0 0 2 0 0 0 10 0 0 0 13 0 
0 0 0 2 15 12 0 0 11 0 0 0 0 5 0 8
12 0 9 5 0 13 0 0 4 8 0 7 1 0 0 0 
0 0 0 0 0 0 10 9 0 12 5 2 0 0 0 0 
0 0 0 0 12 1 11 0 6 2 0 0 0 0 0 0 
0 0 0 14 8 0 16 6 0 0 11 0 4 2 0 1
1 0 3 0 0 0 0 2 0 0 14 12 11 0 0 0 
0 4 0 0 0 5 0 0 0 1 0 0 8 0 9 12
14 0 15 6 0 0 5 0 0 0 3 4 0 0 11 0 
13 0 0 4 0 0 3 8 16 0 2 5 0 6 0 0 
0 16 11 0 0 0 0 0 15 9 12 0 0 0 4 2
3 0 12 10 4 0 0 0 8 0 0 11 0 0 1 0 