11 5 2 0 0 0 13 0 6 15 0 0 0 7 0 9
3 0 0 0 0 0 8 0 0 0 5 10 0 1 16 2
0 9 0 0 0 0 0 0 11 2 0 0 0 13 15 0 
16 0 0 0 5 0 7 1 9 0 4 0 0 0 0 0 
0 6 0 0 0 11 0 10 0 7 16 0 0 0 2 0 
0 0 1 0 0 0 0 0 4 0 13 0 0 10 0 11
7 13 0 14 0 8 0 0 0 0 9 5 12 0 0 0 
2 10 11 0 1 4 0 0 0 0 0 0 0 0 0 16
5 0 0 0 0 0 0 0 0 0 14 11 0 16 4 7
0 0 0 4 9 12 0 0 0 0 2 0 11 0 6 15
14 0 12 0 0 16 0 13 0 0 0 0 0 2 0 0 
0 3 0 0 0 5 2 0 16 0 6 0 0 0 14 0 
0 0 0 0 0 10 0 2 13 9 0 6 0 0 0 1
0 8 5 0 0 0 9 11 0 0 0 0 0 0 7 0 
12 1 13 0 4 7 0 0 0 5 0 0 0 0 0 10
15 0 9 0 0 0 3 16 0 4 0 0 0 8 5 12