0 0 0 0 11 15 3 0 0 14 0 0 10 4 6 1
0 15 0 0 0 4 0 0 0 0 13 8 0 0 7 0 
5 0 11 6 8 0 13 10 0 15 0 0 14 0 0 9
0 4 0 0 0 2 6 5 0 12 0 0 0 15 8 0 
0 7 5 0 0 14 16 0 0 0 0 0 0 6 0 4
0 0 0 0 0 0 0 7 8 5 9 2 0 0 3 0 
15 0 0 0 0 0 8 1 0 0 0 0 0 0 11 2
0 0 0 0 0 0 0 0 7 0 10 3 0 8 0 14
14 0 16 0 12 11 0 2 0 0 0 0 0 0 0 0 
11 6 0 0 0 0 0 0 13 10 0 0 0 0 0 12
0 2 0 0 13 6 9 15 16 0 0 0 0 0 0 0 
7 0 13 0 0 0 0 0 0 3 2 0 0 11 10 0 
0 16 10 0 0 0 12 0 5 2 6 0 0 0 15 0 
6 0 0 2 0 0 4 0 12 1 0 16 13 9 0 7
0 12 0 0 14 1 0 0 0 0 3 0 0 0 16 0 
1 3 4 14 0 0 2 0 0 9 15 7 0 0 0 0 