13 0 0 0 0 0 2 16 11 0 9 0 0 0 0 0 
0 16 0 0 5 0 0 1 0 2 0 7 0 13 0 0 
0 0 0 0 10 6 0 0 4 0 0 3 5 14 0 0 
4 0 1 0 9 0 0 0 0 14 0 16 2 0 10 3
10 15 0 3 0 14 0 2 8 0 12 1 0 7 0 0 
0 0 0 0 0 0 9 15 3 0 0 0 6 0 0 13
5 0 0 7 0 0 6 0 10 16 11 0 0 8 0 14
16 0 14 0 0 0 0 0 13 0 0 0 0 0 12 0 
0 4 0 0 0 0 0 13 0 0 0 0 0 16 0 2
14 0 7 0 0 10 16 3 0 15 0 0 8 0 0 6
8 0 0 1 0 0 0 7 9 3 0 0 0 0 0 0 
0 0 12 0 1 9 0 6 14 0 8 0 15 0 3 5
3 2 0 12 4 0 10 0 0 0 0 9 0 1 0 16
0 0 5 9 16 0 0 11 0 0 3 10 0 0 0 0 
0 0 4 0 8 0 3 0 16 0 0 14 0 0 7 0 
0 0 0 0 0 2 0 5 15 4 0 0 0 0 0 11