0 7 0 0 0 0 5 0 8 0 15 0 14 13 0 0 
0 16 9 13 8 3 2 0 0 0 7 0 0 0 0 12
0 0 0 0 15 10 0 0 0 0 0 16 0 7 2 8
0 0 2 0 0 0 1 11 0 0 5 4 0 15 0 16
6 0 4 9 0 0 0 7 0 0 16 0 12 0 8 0 
0 11 0 15 0 4 0 0 6 0 2 0 0 0 0 9
0 0 0 0 0 0 0 0 14 0 0 8 13 2 0 0 
8 0 0 0 10 9 0 2 0 3 13 0 0 0 7 6
3 12 0 0 0 2 15 0 16 0 4 9 0 0 0 11
0 0 6 14 12 0 0 13 0 0 0 0 0 0 0 0 
5 0 0 0 0 16 0 1 0 0 8 0 4 0 6 0 
0 9 0 16 0 14 0 0 2 0 0 0 7 12 0 15
10 0 12 0 4 11 0 0 5 1 0 0 0 3 0 0 
9 4 14 0 3 0 0 0 0 0 12 7 0 0 0 0 
13 0 0 0 0 7 0 0 0 16 14 15 10 6 12 0 
0 0 5 7 0 6 0 10 0 8 0 0 0 0 1 0 
