0 0 1 0 7 16 8 11 0 9 15 3 0 0 0 0 
9 0 3 6 0 0 4 0 0 0 11 0 0 15 0 0 
11 0 15 0 0 0 0 0 1 4 0 0 0 0 0 0 
0 0 8 12 0 0 0 15 0 0 2 0 0 0 0 0 
0 0 4 11 0 0 1 12 0 0 0 16 6 0 0 10
1 14 0 0 2 0 0 0 0 0 8 0 0 0 0 16
12 6 10 0 16 0 13 0 0 7 0 0 15 3 0 0 
0 0 0 3 5 10 0 14 15 0 0 0 8 1 9 0 
0 16 2 14 0 0 0 1 4 0 3 11 7 0 0 0 
0 0 6 10 0 0 3 0 0 16 0 13 0 11 5 12
13 0 0 0 0 14 0 0 0 0 0 1 0 0 15 3
15 0 0 7 4 0 0 0 12 8 0 0 1 2 0 0 
0 0 0 0 0 9 0 0 16 0 0 0 14 6 0 0 
0 0 0 0 0 0 15 13 0 0 0 0 0 5 0 1
0 0 14 0 0 5 0 0 0 11 0 0 16 12 0 7
0 0 0 0 10 3 11 0 6 14 4 15 0 9 0 0 