  	  	5 	  	2 	13 	  	  	  	8 	  	  	  	11 	  	 
1 	  	  	8 	  	  	4 	  	10 	15 	  	5 	  	9 	  	 
12 	15 	10 	2 	  	1 	  	5 	  	  	  	  	4 	  	  	 
14 	  	6 	  	9 	12 	  	  	2 	4 	1 	  	8 	  	5 	 
  	  	8 	  	  	  	10 	  	  	5 	  	16 	  	  	  	 
  	  	15 	  	16 	  	9 	2 	  	  	  	6 	  	1 	  	 
16 	3 	  	  	  	  	  	7 	1 	  	  	  	10 	13 	  	 
2 	  	12 	1 	  	  	  	3 	8 	  	10 	7 	11 	  	  	14
10 	  	  	11 	8 	7 	  	15 	6 	  	  	  	12 	16 	  	9
  	  	3 	9 	  	  	  	13 	15 	  	  	  	  	  	11 	4
  	  	14 	  	4 	  	  	  	12 	10 	  	9 	  	3 	  	 
  	  	  	  	6 	  	3 	  	  	7 	  	  	  	8 	  	 
  	8 	  	5 	  	10 	13 	12 	  	  	15 	14 	  	7 	  	16
  	  	  	14 	  	  	  	  	4 	  	2 	  	3 	5 	9 	1
  	  	2 	  	3 	  	14 	9 	  	16 	  	  	6 	  	  	11
  	  	16 	  	  	  	6 	  	  	  	11 	1 	  	12 	  	 